ROOT     50   50   50
Mt       70   85  100
Mt:1     70   85  100
Lk       70   90  100
p1      201  250  300
p2      501  550  600
p5      201  250  300
p6      301  350  400
p8      301  350  400
p9      201  250  300
p10     301  350  399
p19     351  400  450
p20     201  250  300
p22     201  250  300
p23     201  250  300
p25     351  375  400
p29     201  250  300
p33     501  550  600
p35     301  350  400
p36     501  550  600
p37     276  300  325
p38     276  300  325
p39     201  250  300
p41     601  650  700
p45     201  250  300
p46     176  200  225
p48     201  250  300
p50     301  400  500
p51     376  400  325
p52     101  125  150
p53     201  250  300
p54     451  500  550
p56     401  500  600
p57     301  400  500
p58     501  550  500
p59     601  650  700
p60     676  700  725
p62     301  350  400
p63     476  500  525
p66     176  200  225
p72     251  300  350
p74     601  650  700
p75     201  225  250
p76     501  550  600
p78     251  300  350
p81     301  350  400
p82     351  400  450
p84     501  550  600
p91     201  250  300
p100    251  300  350
p113    201  250  299
01      301  350  400
01:1    301  450  600
01:2    601  900 1200
01:3   1101 1150 1200
02      401  450  500
02:1    501  550  600
03      301  350  400
03:1    301  350  400
03:2    501  600  700
04      401  450  500
04:1    501  550  600
04:2    801  850  900
04:3    801  850  900
05      401  450  500
05:1    401  450  500
06      501  550  600
06:1    601  650  700
06:2    801  850  900
07      701  750  800
07e     201  250  300
08      501  550  600
09      801  850  900
010     801  850  900
010:1	801  850  900
010:2   901  950 1300
011     801  850  900
011:1   801  950 1000
012     801  850  900
013     801  850  900
014     801  850  900
015     501  550  600
016     401  450  500
017     801  850  900
018     801  850  900
019     701  750  800
020     801  850  900
021     801  850  900
022     501  550  600
023     501  550  600
024     501  550  600
025     801  850  900
026     401  450  500
027     601  650  700
028     949  949  949
029     401  450  500
030     801  850  900
031     801  850  900
032     401  450  500
032S    401  450  500
033     901  950 1000
034     801  850  900
035     501  550  600
036     901  950 1000
037     801  850  900
038     801  850  900
039     801  850  900
040     501  550  600
041     801  850  900
042     501  550  600
043     501  550  600
044     751  800  850
045     801  850  900
048     401  450  500
049     801  850  900
055    1001 1050 1100
056     901  950 1000
057     451  500  550
066     501  550  600
075     901  950 1000
076     301  400  500
077	    401  450  500
083     551  600  650
093     501  550  600
095     701  750  800
096     601  650  700
097     601  650  700
099     601  650  700
0107    601  650  700
0120    801  850  900
0122    801  850  900
0131    801  850  900
0140    901  950 1000
0142    901  950 1000
0156    701  750  800
0165    401  450  500
0166    401  450  500
0167    601  650  700
0171    301  350  400
0173    401  450  500
0175    401  450  500
0176    351  400  450
0187    501  550  600
0188    501  550  600
0189    101  200  300
0206    301  350  400
0209    601  650  700
0211    801  850  900
0232    401  450  500
0233    701  750  800
0236    401  450  500
0243    901  950 1000
0244    401  450  500
0245    501  550  600
0246    501  550  600
0247    451  500  550
0250    701  750  800
0251    501  550  600
0261    401  450  500
0274    401  450  500
0278    801  850  900
0285    501  550  600
0292    501  550  600
0294    501  600  700
0296    501  550  600
1      1101 1150 1200
2      1101 1150 1200
3      1101 1150 1200
4      1201 1250 1300
5      1201 1250 1300
6      1201 1250 1300
13     1201 1250 1300
16     1301 1350 1400
18     1364 1364 1364
22     1101 1150 1200
23     1001 1050 1100
26     1001 1050 1100
28     1001 1050 1100
33      801  850  900
35     1001 1050 1100
38     1101 1150 1200
38:1   1201 1250 1300
42     1001 1050 1100
43     1001 1050 1100
51     1201 1250 1300
57     1101 1150 1200
61     1501 1550 1600
62     1301 1350 1400
69     1401 1450 1500
69:1   1401 1450 1500
76     1301 1350 1400
79     1401 1450 1500
81     1044 1044 1044
82      901  950 1000
88     1101 1150 1200
90     1501 1550 1600
90A    1501 1550 1600
90B    1501 1550 1600
91     1001 1050 1100
93      901  950 1000
94     1151 1200 1250
97     1101 1150 1200
101    1001 1050 1100
103    1101 1150 1200
104    1087 1087 1087
105    1101 1150 1200
110    1101 1150 1200
117    1401 1450 1500
118    1201 1250 1300
122    1101 1150 1200
124    1001 1050 1100
131    1301 1350 1400
142    1001 1050 1100
149    1401 1450 1500
152    1201 1250 1300
153    1301 1350 1400
154    1201 1250 1300
157    1121 1125 1130
174    1052 1052 1052
176    1201 1250 1300
177    1001 1050 1100
178    1101 1150 1200
179    1101 1150 1200
180    1151 1200 1250
181     901  950 1000
184    1201 1250 1300
189e   1301 1350 1400
189a   1101 1150 1200
189p   1101 1150 1200
191    1101 1150 1200
197    1001 1050 1100
201    1357 1357 1357
205    1401 1450 1500
206    1251 1300 1350
206:2  1301 1350 1400
206S   1301 1350 1400
209    1301 1350 1400
216    1358 1358 1358
218    1201 1250 1300
220    1201 1250 1300
222    1301 1350 1400
223    1301 1350 1400
226    1101 1150 1200
226:1  1101 1150 1200
228    1301 1350 1400
230    1013 1013 1013
234    1278 1278 1278
238    1051 1100 1150
241    1001 1050 1100
250    1001 1050 1100
252    1001 1050 1100
254    1301 1350 1400
256    1051 1100 1150
261    1101 1150 1200
263    1201 1250 1300
273    1201 1250 1300
302    1001 1050 1100
304    1101 1150 1200
307     901  950 1000
308    1301 1350 1400
309    1201 1250 1300
312    1001 1050 1100
319    1101 1150 1200
321    1101 1150 1200
322    1401 1450 1500
323    1101 1150 1200
323S   1201 1300 1400
325    1051 1100 1150
326     901  950 1000
327    1201 1250 1300
330    1101 1150 1200
346    1101 1150 1200
348    1022 1022 1022
349    1322 1322 1322
351    1101 1150 1200
356    1101 1150 1200
363    1301 1350 1400
365    1101 1150 1200
367    1331 1331 1331
372    1501 1550 1600
377    1501 1550 1600
378    1201 1250 1300
382    1001 1050 1100
383    1201 1250 1300
384    1201 1250 1300
385    1407 1407 1407
386    1301 1350 1400
389    1001 1050 1100
398     901  950 1000
400    1401 1450 1500
404    1201 1250 1300
421    1101 1150 1200
424    1151 1200 1250
424:1  1251 1300 1350
425    1330 1330 1330
427	   1201 1250 1300
429    1351 1400 1450
431    1101 1150 1200
432    1401 1450 1500
436    1051 1100 1150
440    1101 1150 1200
441    1201 1250 1300
442    1201 1250 1300
451    1001 1050 1100
452    1101 1150 1200
453    1301 1350 1400
454     901  950 1000
456     901  950 1000
457     901  950 1000
458    1001 1050 1100
459    1092 1092 1092
460    1201 1250 1300
462    1051 1100 1150
467    1401 1450 1500
467:1  1401 1450 1500
468    1201 1250 1300
469    1201 1250 1300
472    1051 1100 1150
479    1201 1250 1300
483    1295 1295 1295
489    1316 1316 1316
491    1001 1050 1100
495    1101 1150 1200
496    1201 1250 1300
506    1001 1050 1100
513    1130 1130 1130
517    1051 1100 1150
522    1515 1516 1516
543    1101 1150 1200
544    1201 1250 1300
547    1001 1050 1100
555    1401 1450 1500
565     801  850  900
569    1061 1061 1061
574    1201 1250 1300
579    1201 1250 1300
582    1334 1334 1334
590    1201 1250 1300
592    1289 1289 1289
595    1501 1550 1600
597    1201 1250 1300
601    1201 1250 1300
603    1301 1350 1400
605     901  950 1000
606    1001 1050 1100
607    1001 1050 1100
610    1101 1150 1200
614    1201 1250 1300
616    1434 1434 1434
617    1001 1050 1100
618    1101 1150 1200
619     901  950 1000
621    1001 1050 1100
622    1101 1150 1200
623    1037 1037 1037
625    1151 1200 1250
627     901  950 1000
628    1301 1350 1400
629    1301 1350 1400
630    1151 1200 1250
631    1401 1450 1500
632    1151 1175 1200
632S   1301 1325 1350
634    1394 1394 1394
635    1001 1050 1100
636    1401 1450 1500
637    1101 1150 1200
638    1001 1050 1100
639    1001 1050 1100 
641    1001 1050 1100
642    1301 1350 1400
643    1151 1200 1250
656    1101 1150 1200
664    1401 1450 1500
665    1201 1250 1300
669     901 1450 1800
676    1201 1250 1300
695    1201 1250 1300
697    1201 1250 1300
699    1001 1050 1100
700    1001 1050 1100
706    1201 1250 1300
713    1101 1050 1200
716    1301 1350 1400
719    1196 1196 1196
720    1138 1139 1139
728    1301 1350 1400
732    1201 1250 1300
733    1101 1150 1200
740    1318 1318 1318
740:1  1319 1319 1319
752    1101 1150 1200
757    1201 1250 1300
766    1201 1250 1300
780    1001 1050 1100
788    1001 1050 1100
791    1101 1150 1200
792    1201 1250 1300
794    1301 1350 1400
796    1001 1050 1100
801    1400 1450 1500
803    1501 1550 1600
807    1101 1150 1200
808    1301 1350 1400
826    1101 1150 1200
827    1201 1250 1300
828    1101 1150 1200
829    1101 1150 1200
837    1300 1350 1400
855    1101 1150 1200
863    1154 1154 1154
872    1101 1150 1200
873    1001 1050 1100
876    1101 1150 1200
892     801  850  900
910    1009 1009 1009
915    1075 1112 1125
917    1101 1150 1200
918    1501 1550 1600
920     901  950 1000
921    1332 1332 1332
922    1112 1112 1112
927    1133 1133 1133
941    1101 1150 1200
945    1001 1050 1100
945:1  1001 1050 1100
949    1201 1250 1300
954    1401 1450 1500
959    1331 1331 1331
979    1501 1550 1600
979:2  1501 1550 1600
983    1101 1150 1200
986    1301 1350 1400
996    1301 1350 1400
997    1201 1250 1300
999    1201 1250 1300
1003   1401 1450 1500
1006   1001 1050 1100
1009   1201 1250 1300
1010   1101 1150 1200
1022   1301 1350 1400
1029   1301 1350 1400
1040   1301 1350 1400
1047   1201 1250 1300
1058   1145 1145 1145
1066    901  950 1000
1067   1301 1350 1400
1069   1262 1262 1262
1070   1201 1250 1300
1071   1101 1150 1200
1082   1301 1350 1400
1084   1301 1350 1400
1099   1301 1350 1400
1093   1302 1302 1302
1100   1376 1376 1376
1101   1660 1660 1660
1102   1301 1350 1400
1104   1702 1702 1702
1104:1 1702 1702 1702
1107   1201 1250 1300
1108   1201 1250 1300
1127   1101 1150 1200
1128   1101 1150 1200
1160   1101 1150 1200
1161   1280 1280 1280
1162   1001 1050 1100
1175   1001 1050 1100
1175:1 1001 1050 1100
1216   1001 1050 1100
1240   1101 1150 1200
1241   1101 1150 1200
1241s  1101 1150 1200
1242   1201 1250 1300
1243   1001 1050 1100
1244   1001 1050 1100
1245   1101 1150 1200
1248   1301 1350 1400
1249   1324 1324 1324
1250   1401 1450 1500
1251   1201 1250 1300
1253   1401 1450 1500
1270   1001 1050 1100
1273   1128 1128 1128
1279   1001 1050 1100
1292   1201 1250 1300
1297   1290 1290 1290
1302   1101 1150 1200
1311   1090 1090 1090
1315   1101 1150 1200
1319   1101 1150 1200
1326   1301 1350 1400
1337   1201 1250 1300
1342   1251 1300 1350
1352   1201 1250 1300
1359   1101 1150 1200
1367   1401 1450 1500
1390   1301 1350 1400
1396   1301 1350 1400
1398   1201 1250 1300
1409   1301 1350 1400
1424    851  900  950
1446   1201 1250 1300
1448   1101 1150 1200
1457   1151 1200 1250
1490   1101 1150 1200
1495   1301 1350 1400
1501   1201 1250 1300
1505   1101 1150 1200
1506   1320 1320 1320
1509   1201 1250 1300
1515   1201 1250 1300
1523   1251 1300 1350
1524   1301 1350 1400
1526   1101 1150 1200
1528   1136 1136 1136
1542   1151 1200 1250
1542S  1151 1200 1250
1546   1263 1263 1263
1555   1201 1250 1300
1563   1201 1250 1300
1573   1151 1200 1250
1574   1301 1350 1400
1579   1001 1050 1100
1582    949  949  949
1582:1  949  949  949
1593   1201 1250 1300
1595   1201 1250 1300
1597   1289 1289 1289
1598   1301 1350 1400
1609   1201 1250 1300
1610   1463 1463 1463
1611    901  950 1000
1617   1401 1450 1500
1624   1401 1450 1500
1628   1400 1400 1400
1642   1278 1278 1278
1642:1 1278 1278 1278
1643   1301 1350 1400
1645   1303 1303 1303
1646   1172 1172 1172
1654   1326 1326 1326
1661   1301 1350 1400
1673   1101 1150 1200
1675   1301 1350 1400
1678   1301 1350 1400
1689   1201 1200 1200
1704   1501 1550 1600
1709    901  950 1000
1717   1378 1378 1378
1718   1101 1150 1200
1720    901  950 1000
1721   1301 1350 1400
1728   1201 1250 1300
1729   1401 1450 1500
1730   1001 1050 1100
1732   1384 1384 1384
1733   1301 1350 1400
1734   1015 1015 1015
1735   1051 1100 1150
1736    901  950 1000
1738   1001 1050 1100
1739    901  950 1000
1751   1479 1479 1479
1754   1101 1150 1200
1761   1301 1350 1400
1762   1301 1350 1400
1763   1401 1450 1500
1765   1301 1350 1400
1767   1401 1450 1500
1769   1301 1350 1400
1780   1201 1250 1300
1795   1101 1150 1200
1799   1151 1200 1250
1827   1295 1295 1295
1828   1101 1150 1200
1828:1 1101 1150 1200
1829    901  950 1000
1830   1401 1450 1500
1831   1301 1350 1400
1831S  1301 1350 1400
1832   1301 1350 1400
1834   1301 1301 1301
1835   1001 1050 1100
1836    901  950 1000
1837    901  950 1000
1838   1001 1050 1100
1839   1201 1250 1300
1840   1501 1550 1600
1841    951 1000 1050
1842   1251 1300 1350
1843   1201 1250 1300
1844   1501 1550 1600
1845    901  950 1000
1846   1001 1050 1100
1848   1401 1450 1500
1850   1101 1150 1200
1852   1201 1250 1300
1853   1101 1150 1200
1854   1001 1050 1100
1857   1201 1250 1300
1859   1301 1350 1400
1860   1201 1250 1300
1868   1101 1150 1200
1869   1688 1688 1688
1872   1101 1150 1200
1873   1201 1250 1300
1874:0  901  950 1000
1874:1  901  950 1000
1875    901  950 1000
1876   1401 1450 1500
1881   1301 1350 1400
1882   1401 1450 500
1884   1501 1550 1600
1885   1101 1101 1101
1888   1001 1050 1100
1889   1101 1150 1200
1890   1301 1350 1400
1890:2 1301 1350 1400
1891    901  950 1000
1892   1301 1350 1400
1893   1101 1150 1200
1896   1351 1400 1450
1896:1 1351 1400 1450
1902   1301 1350 1400
1910   1051 1100 1150
1912    901  950 1000
1942   1101 1150 1200
1959   1401 1450 1500
1960   1366 1366 1366
1962   1051 1086 1088
1963   1501 1550 1600
1969   1201 1250 1300
1982   1001 1050 1100
2004   1101 1150 1200
2030   1101 1150 1200
2050   1107 1107 1107
2053   1201 1250 1300
2062   1201 1250 1300
2080   1301 1350 1400
2085   1308 1308 1308
2086   1301 1350 1400
2106   1101 1150 1200
2125    901  950 1000
2127   1101 1150 1200
2131   1401 1450 1500
2138   1072 1072 1072
2143   1101 1150 1200
2147   1051 1100 1150
2148   1337 1337 1337
2174   1201 1250 1300
2180   1251 1300 1350
2186   1101 1150 1200
2191   1001 1050 1100
2193    901  950 1000
2193:1  901  950 1000
2197   1301 1350 1400
2200   1101 1150 1300
2206   1401 1450 1500
2218   1501 1550 1600
2242   1101 1150 1200
2243   1601 1650 1700
2262   1101 1150 1200
2279   1301 1350 1400
2298   1101 1150 1200
2329    901  950 1000
2344   1001 1050 1100
2351    901  950 1000
2352   1401 1450 1500
2374   1251 1300 1350
2377   1301 1350 1400
2378   1511 1511 1511
2400   1101 1150 1200
2401:0 1101 1150 1200
2401:1 1101 1150 1200
2404   1101 1150 1200
2411   1101 1150 1200
2412   1101 1150 1200
2423   1201 1250 1300
2427   1301 1350 1910
2464    801  850  900
2466   1339 1339 1339
2483   1101 1150 1200
2484   1311 1311 1312
2487   1001 1050 1100
2492   1251 1338 1350
2494   1316 1316 1316
2495   1401 1450 1500
2501   1501 1550 1600
2508   1301 1350 1400
2516   1201 1250 1300
2517   1001 1050 1100
2523   1453 1453 1453
2527   1301 1350 1400
2541   1101 1150 1200
2542   1201 1250 1300
2544   1501 1550 1600
2544:1 1501 1550 1600
2574   1101 1150 1200
2576   1286 1286 1287
2606   1201 1250 1300
2607   1201 1250 1300
2626   1301 1350 1400
2652   1401 1450 1500
2653   1401 1450 1500
2659   1301 1350 1400
2674   1651 1651 1651
2680   1201 1250 1300
2691   1401 1450 1500
2704   1401 1450 1500
2718   1101 1150 1200
2726   1201 1250 1300
2736   1401 1450 1500
2737   1558 1558 1559
2738   1101 1150 1200
2739   1251 1300 1350
2746   1001 1050 1100
2766   1201 1250 1300
2772   1201 1250 1300
2774   1251 1300 1350
2776   1601 1650 1700
2786   1301 1350 1400
2805    951 1000 1050
2815   1101 1150 1200
2816   1401 1450 1500
2818   1101 1150 1200
2886   1401 1450 1500
2892    901  950 1000
Byz     401  800 1600
L23    1001 1050 1100
L60    1021 1021 1021
L62    1101 1150 1200
L145   1101 1150 1200
L156    901  950 1000
L156S  1001 1050 1100
L164   1172 1172 1172
L170   1301 1350 1400
L211   1101 1150 1200
L253   1020 1020 1020
L387   1001 1050 1100
L422   1301 1350 1400
L427   1201 1250 1300
L427:2 1201 1250 1300
L547   1201 1250 1300
L585   1401 1450 1500
L585:2 1401 1450 1500
L587   1101 1150 1200
L590   1001 1050 1100
L591   1001 1050 1100
L593   1301 1350 1400
L596   1146 1146 1146
L604   1101 1150 1200
L606   1101 1150 1200
L608   1101 1150 1200
L623   1101 1150 1200
L740   1001 1050 1100
L770    901  950 1000
L773   1001 1050 1100
L809   1101 1150 1200
L840   1101 1150 1200
L844    861  861  862
L884   1201 1250 1300
L890   1420 1420 1420
L921   1101 1150 1200
L938   1201 1251 1300
L950   1289 1289 1290
L1126  1101 1150 1200
L1141  1105 1105 1105
L1178  1001 1050 1100
L1188  1301 1350 1400
L1279  1001 1050 1100
L1281  1454 1454 1454
L1440  1251 1251 1251
L1441  1201 1250 1300
L1442  1001 1050 1100
L1505  1001 1050 1100
L1575   701  750  800
L1627  1001 1050 1100
L1825  1501 1550 1600
L2024  1001 1050 1100
L2087  1501 1550 1600
L2106  1001 1050 1100
L2211   985  985  985
Lect    700 1300 1600
B1      351  400  450
B2      401  450  500
B3      301  350  400
B4      401  450  500
B5      401  450  500
B6     1151 1200 1250
B7      751  800  850
g2      901  950 1000
B8      401  450  500
B9      701  750  800
B10     501  550  600
B11     701  750  800
B12     401  450  500
B13     551  600  650
B14     601  650  700
B15     601  650  700
B16     401  450  500
B16o    601  650  700
B17     401  450  500
B17:0   401  450  500
B17:1   401  450  500
B17:2   401  450  500
B18     601  650  700
B19     451  500  550
B20     701  750  800
B22     501  550  600
B28     751  800  850
B32     501  550  600
B50     501  550  600
B51    1201 1250 1300
B53     501  550  600
B54    1201 1250 1300
B55     401  450  500
B56    1001 1050 1100
B57     701  750  800
B58    1401 1450 1500
B61     801  850  900
B64     551  600  650
B66     801  850  900
B67     601  650  700
B70    1001 1050 1100
B73     951 1000 1150
B75     501  550  600
B77     801  850  900
B78     801  850  900
B86     901  950 1000
B89     751  800  850
B189    801  850  900
LA      401  550  700
au      401  550  700
LS      601  650  700
sp      601  650  700
LV      401  550  700
vg      401  550  700
vg:1    401  550  700
vgA     692  701  716
vgD     807  807  815
vgF:0   541  546  546
vgF:1   801  850  900
LT      401  550  700
lat     401  550  700
sin     351  400  450
cur     401  450  500
pesh    451  500  550
ph      508  508  508
hark    616  616  616
hark:1  617  666  715
pal    1030 1104 1118
pal:1  1030 1104 1118
sa      301  350  400
sa:1    301  350  400
bo      801  850  900
bo:1    801  850  900
ach     801  850  900
fay     301  350  400
meg     301  325  350
arm     887  887  887
geo1    897  897  897
geo2    913  913  913
geo     901  950 1000
eth     901  950 1000
slav    951 1000 1050
goth    501  525  550
goth:0  601  650  700
goth:1  501  550  600
Ambst   366  384  384
AnastS  630  680  704
Antioch 590  605  619
Ars     445  445  445
Athan   373  373  373
Aug     381  400  430
Bas     330  370  379
#55422  901  912  925
Chrys   407  407  407
ClemA   185  200  215
Cyr     414  424  444
CyrJ    356  386  386
Dam     719  734  749
Did     333  385  398
Epiph   373  403  403
Epiph:1 373  403  403
Eus     309  339  339
GrNaz   360  390  390
GrNys   364  394  394
Ir      175  185  200
IrLat   351  400  450
Jer     390  405  420
Jer:1   390  405  420
Just    150  165  165
Marc    140  155  155
MVict	360  361  362
Nest    451  477  500
Oec     950  990  999
Orig    200  225  254
Orig:1  200  225  254
PsEusth 350  400  449
PsOec   501  550  600
Pr      701  750  800
SevGab  380  398  404
SevGab:1 380  398  404
Thdt    450  466  475
NA     1993 1993 1993
NA0       1    1    1
TR     1555 1555 1555
WH     1881 1881 1881
